995.0
995.0
995.0
995.0
995.0
995.0
995.0
995.0
1000.0
997.0
995.0
994.0
992.0
993.0
992.0
989.0
988.0
987.0
990.0
993.0
989.0
988.0
986.0
988.0
993.0
997.0
993.0
986.0
983.0
977.0
979.0
975.0
974.0
972.0
969.0
969.0
969.0
971.0
973.0
971.0
969.0
966.0
966.0
966.0
966.0
967.0
965.0
963.0
967.0
969.0
969.0
968.0
967.0
963.0
966.0
964.0
968.0
966.0
964.0
961.0
960.0
957.0
952.0
947.0
947.0
943.0
933.0
927.0
927.0
939.0
958.0
980.0
1010.0
1048.0
1099.0
1148.0
1180.0
1192.0
1177.0
1128.0
1058.0
991.0
951.0
937.0
939.0
950.0
958.0
959.0
957.0
955.0
958.0
959.0
961.0
962.0
960.0
957.0
956.0
959.0
955.0
957.0
958.0
957.0
958.0
959.0
958.0
958.0
955.0
953.0
957.0
959.0
963.0
960.0
960.0
958.0
956.0
957.0
956.0
955.0
953.0
953.0
956.0
958.0
958.0
958.0
956.0
954.0
959.0
959.0
958.0
958.0
957.0
957.0
956.0
958.0
956.0
954.0
953.0
954.0
955.0
958.0
960.0
957.0
958.0
955.0
958.0
957.0
957.0
955.0
955.0
953.0
956.0
956.0
957.0
958.0
954.0
954.0
955.0
957.0
957.0
957.0
954.0
953.0
953.0
955.0
955.0
957.0
954.0
952.0
952.0
952.0
951.0
952.0
950.0
947.0
950.0
952.0
953.0
952.0
949.0
949.0
951.0
951.0
952.0
952.0
951.0
950.0
953.0
958.0
959.0
959.0
957.0
956.0
961.0
964.0
964.0
966.0
965.0
966.0
967.0
969.0
973.0
974.0
974.0
971.0
973.0
975.0
978.0
975.0
975.0
973.0
973.0
976.0
974.0
973.0
975.0
973.0
974.0
974.0
971.0
972.0
972.0
971.0
970.0
971.0
972.0
969.0
968.0
966.0
969.0
970.0
972.0
968.0
968.0
967.0
969.0
969.0
971.0
970.0
967.0
966.0
968.0
969.0
967.0
968.0
964.0
964.0
963.0
965.0
964.0
962.0
962.0
963.0
965.0
967.0
967.0
966.0
965.0
962.0
966.0
965.0
964.0
963.0
962.0
959.0
962.0
964.0
966.0
962.0
959.0
958.0
961.0
964.0
963.0
962.0
960.0
958.0
959.0
961.0
962.0
963.0
963.0
962.0
964.0
963.0
966.0
964.0
964.0
963.0
963.0
966.0
968.0
965.0
963.0
961.0
963.0
965.0
966.0
968.0
970.0
969.0
969.0
970.0
974.0
974.0
973.0
979.0
980.0
983.0
984.0
983.0
981.0
978.0
980.0
979.0
979.0
979.0
978.0
977.0
976.0
977.0
980.0
982.0
983.0
975.0
967.0
967.0
964.0
962.0
958.0
958.0
959.0
961.0
960.0
961.0
959.0
956.0
955.0
956.0
956.0
954.0
955.0
953.0
958.0
957.0
958.0
960.0
955.0
953.0
956.0
958.0
959.0
958.0
954.0
951.0
952.0
948.0
939.0
935.0
929.0
922.0
917.0
923.0
941.0
964.0
992.0
1021.0
1071.0
1122.0
1168.0
1199.0
1212.0
1205.0
1175.0
1122.0
1057.0
1002.0
970.0
946.0
934.0
929.0
933.0
939.0
946.0
946.0
947.0
946.0
948.0
948.0
948.0
945.0
947.0
947.0
947.0
949.0
945.0
942.0
942.0
944.0
945.0
946.0
943.0
945.0
947.0
949.0
946.0
946.0
943.0
942.0
942.0
946.0
946.0
945.0
943.0
941.0
944.0
942.0
943.0
942.0
941.0
942.0
944.0
944.0
945.0
946.0
943.0
942.0
946.0
946.0
947.0
947.0
942.0
943.0
945.0
946.0
949.0
946.0
945.0
942.0
944.0
946.0
946.0
947.0
943.0
941.0
941.0
944.0
945.0
943.0
941.0
940.0
940.0
942.0
941.0
939.0
940.0
937.0
938.0
938.0
940.0
938.0
934.0
933.0
934.0
937.0
935.0
934.0
933.0
930.0
932.0
933.0
934.0
933.0
930.0
929.0
932.0
934.0
935.0
936.0
937.0
936.0
942.0
945.0
950.0
951.0
952.0
951.0
956.0
959.0
961.0
960.0
958.0
958.0
960.0
962.0
964.0
964.0
960.0
960.0
961.0
963.0
963.0
965.0
960.0
958.0
963.0
962.0
964.0
964.0
960.0
959.0
962.0
963.0
961.0
963.0
961.0
961.0
962.0
965.0
966.0
963.0
962.0
960.0
961.0
964.0
961.0
961.0
961.0
958.0
961.0
960.0
961.0
959.0
957.0
956.0
957.0
957.0
958.0
959.0
955.0
954.0
955.0
957.0
958.0
958.0
955.0
955.0
955.0
960.0
958.0
957.0
956.0
953.0
957.0
958.0
958.0
957.0
953.0
952.0
953.0
954.0
956.0
955.0
955.0
955.0
955.0
958.0
958.0
957.0
955.0
954.0
954.0
956.0
958.0
955.0
955.0
953.0
954.0
956.0
958.0
956.0
956.0
956.0
958.0
957.0
958.0
957.0
955.0
955.0
956.0
958.0
961.0
965.0
964.0
965.0
967.0
969.0
971.0
971.0
971.0
973.0
974.0
976.0
979.0
981.0
976.0
975.0
976.0
975.0
977.0
975.0
974.0
969.0
969.0
971.0
974.0
979.0
980.0
978.0
971.0
970.0
968.0
967.0
963.0
960.0
956.0
958.0
957.0
957.0
953.0
950.0
952.0
955.0
954.0
953.0
951.0
949.0
948.0
950.0
951.0
951.0
948.0
947.0
948.0
949.0
953.0
950.0
946.0
943.0
942.0
937.0
931.0
926.0
920.0
913.0
910.0
919.0
943.0
974.0
1006.0
1048.0
1106.0
1162.0
1201.0
1216.0
1194.0
1128.0
1034.0
960.0
924.0
923.0
935.0
941.0
945.0
946.0
945.0
946.0
945.0
943.0
945.0
943.0
946.0
945.0
945.0
942.0
943.0
944.0
944.0
941.0
943.0
940.0
941.0
943.0
943.0
940.0
940.0
937.0
940.0
942.0
942.0
943.0
939.0
938.0
940.0
941.0
942.0
942.0
939.0
940.0
944.0
945.0
944.0
944.0
945.0
941.0
943.0
946.0
944.0
944.0
941.0
939.0
939.0
941.0
941.0
942.0
939.0
939.0
940.0
941.0
944.0
944.0
942.0
939.0
942.0
943.0
945.0
944.0
944.0
943.0
947.0
944.0
946.0
946.0
944.0
941.0
943.0
943.0
942.0
941.0
940.0
940.0
939.0
941.0
941.0
942.0
937.0
938.0
937.0
940.0
940.0
940.0
940.0
939.0
939.0
941.0
945.0
945.0
946.0
949.0
952.0
956.0
957.0
958.0
957.0
957.0
959.0
960.0
963.0
963.0
961.0
962.0
963.0
964.0
964.0
964.0
962.0
962.0
962.0
961.0
964.0
963.0
961.0
960.0
959.0
962.0
963.0
963.0
960.0
959.0
963.0
962.0
965.0
962.0
959.0
958.0
960.0
960.0
960.0
959.0
954.0
954.0
956.0
957.0
958.0
957.0
956.0
952.0
954.0
954.0
953.0
952.0
953.0
951.0
953.0
954.0
956.0
953.0
954.0
951.0
951.0
954.0
953.0
954.0
950.0
948.0
950.0
952.0
951.0
952.0
951.0
948.0
950.0
951.0
954.0
954.0
954.0
950.0
951.0
955.0
955.0
956.0
953.0
951.0
952.0
953.0
953.0
953.0
949.0
947.0
953.0
952.0
953.0
952.0
952.0
950.0
952.0
955.0
953.0
955.0
955.0
955.0
956.0
962.0
963.0
963.0
962.0
963.0
966.0
967.0
969.0
968.0
968.0
969.0
971.0
973.0
975.0
972.0
971.0
969.0
968.0
971.0
970.0
969.0
968.0
969.0
968.0
969.0
971.0
973.0
976.0
972.0
968.0
962.0
962.0
955.0
952.0
948.0
947.0
948.0
950.0
949.0
947.0
946.0
945.0
947.0
947.0
947.0
945.0
943.0
944.0
949.0
949.0
946.0
945.0
941.0
943.0
944.0
946.0
943.0
939.0
932.0
929.0
923.0
922.0
919.0
916.0
904.0
895.0
898.0
909.0
925.0
947.0
970.0
1001.0
1042.0
1098.0
1151.0
1186.0
1196.0
1178.0
1119.0
1037.0
963.0
924.0
920.0
929.0
942.0
946.0
946.0
944.0
942.0
943.0
947.0
946.0
945.0
943.0
942.0
943.0
944.0
946.0
945.0
942.0
941.0
942.0
945.0
943.0
942.0
943.0
943.0
942.0
946.0
947.0
946.0
945.0
944.0
944.0
944.0
945.0
945.0
943.0
943.0
944.0
945.0
947.0
949.0
947.0
945.0
946.0
947.0
949.0
947.0
945.0
945.0
947.0
949.0
949.0
947.0
945.0
946.0
946.0
951.0
949.0
947.0
945.0
948.0
947.0
949.0
948.0
946.0
948.0
949.0
949.0
949.0
949.0
948.0
946.0
946.0
951.0
950.0
949.0
947.0
946.0
946.0
949.0
951.0
947.0
948.0
946.0
949.0
949.0
951.0
950.0
947.0
945.0
947.0
947.0
950.0
951.0
950.0
949.0
954.0
957.0
960.0
961.0
960.0
959.0
961.0
965.0
967.0
964.0
965.0
967.0
967.0
968.0
970.0
968.0
966.0
965.0
965.0
966.0
968.0
966.0
965.0
962.0
965.0
967.0
968.0
969.0
965.0
963.0
964.0
965.0
965.0
967.0
964.0
963.0
964.0
965.0
964.0
963.0
961.0
962.0
961.0
965.0
964.0
962.0
958.0
956.0
958.0
960.0
960.0
961.0
959.0
957.0
958.0
961.0
960.0
960.0
958.0
955.0
956.0
957.0
958.0
957.0
955.0
954.0
955.0
956.0
957.0
957.0
958.0
957.0
956.0
957.0
960.0
956.0
956.0
954.0
951.0
952.0
955.0
955.0
954.0
954.0
954.0
956.0
956.0
955.0
955.0
948.0
952.0
952.0
955.0
955.0
954.0
953.0
955.0
958.0
958.0
957.0
957.0
956.0
958.0
960.0
966.0
966.0
964.0
963.0
967.0
968.0
969.0
968.0
969.0
970.0
971.0
974.0
978.0
975.0
976.0
973.0
973.0
975.0
977.0
973.0
971.0
972.0
973.0
970.0
971.0
968.0
973.0
974.0
975.0
971.0
968.0
964.0
961.0
959.0
957.0
955.0
958.0
957.0
955.0
952.0
954.0
956.0
957.0
955.0
952.0
951.0
949.0
950.0
951.0
951.0
948.0
949.0
949.0
951.0
950.0
952.0
950.0
948.0
951.0
952.0
954.0
953.0
950.0
947.0
945.0
938.0
935.0
927.0
921.0
911.0
913.0
929.0
953.0
980.0
1013.0
1061.0
1119.0
1165.0
1188.0
1180.0
1131.0
1053.0
984.0
940.0
924.0
928.0
934.0
942.0
944.0
946.0
946.0
944.0
943.0
939.0
939.0
943.0
945.0
943.0
943.0
941.0
943.0
947.0
946.0
945.0
945.0
945.0
945.0
947.0
946.0
946.0
944.0
939.0
942.0
944.0
945.0
944.0
943.0
939.0
941.0
943.0
943.0
943.0
942.0
941.0
943.0
940.0
943.0
942.0
942.0
940.0
941.0
943.0
945.0
945.0
945.0
944.0
945.0
945.0
943.0
943.0
940.0
937.0
941.0
943.0
945.0
946.0
941.0
943.0
943.0
944.0
945.0
945.0
943.0
940.0
941.0
944.0
945.0
944.0
943.0
939.0
939.0
939.0
940.0
939.0
934.0
935.0
934.0
937.0
935.0
930.0
933.0
932.0
936.0
937.0
939.0
938.0
935.0
934.0
935.0
938.0
940.0
942.0
939.0
940.0
943.0
948.0
950.0
951.0
951.0
951.0
955.0
958.0
961.0
963.0
963.0
960.0
962.0
962.0
963.0
962.0
961.0
960.0
961.0
963.0
963.0
965.0
962.0
960.0
962.0
961.0
965.0
964.0
963.0
964.0
967.0
968.0
966.0
965.0
963.0
959.0
963.0
964.0
964.0
961.0
959.0
957.0
959.0
961.0
960.0
957.0
958.0
956.0
959.0
959.0
960.0
961.0
957.0
957.0
955.0
957.0
959.0
958.0
961.0
957.0
958.0
958.0
958.0
958.0
957.0
956.0
958.0
960.0
961.0
959.0
957.0
953.0
955.0
956.0
957.0
960.0
959.0
954.0
958.0
961.0
961.0
958.0
958.0
957.0
957.0
958.0
958.0
958.0
956.0
956.0
956.0
959.0
959.0
959.0
955.0
954.0
956.0
958.0
960.0
962.0
963.0
963.0
969.0